215
115
116
116
215
215
116
216
216
116
216
216
116
217
217
117
117
217
217
117
218
218
116
218
218
116
218
218
116
219
219
115
219
219
115
219
219
116
116
219
219
115
219
219
115
219
219
115
220
220
116
116
220
220
215
115
115
216
216
114
216
216
114
216
216
114
217
217
113
217
217
113
218
218
113
218
218
114
114
218
218
114
219
219
114
219
219
114
220
220
115
115
220
220
115
221
221
116
116
221
221
116
221
220
116
221
221
116
221
220
215
115
114
215
215
114
215
215
114
215
215
114
215
215
114
215
215
114
216
216
114
216
216
114
217
217
115
115
217
217
115
217
217
115
217
217
115
218
218
116
116
218
218
116
218
218
116
218
218
116
219
219
116
219
219
116
219
219
